export const mmToPx = 37.795 / 10;

export const pageSizeInMM = {
  '5" x 8" (12.7 x 20.32 cm)': [127, 203.2],
  '5.06" x 7.81" (12.85 x 19.84 cm)': [128.5, 198.4],
  '5.25" x 8" (13.34 x 20.32 cm)': [133.4, 203.2],
  '5.5" x 8.5" (13.97 x 21.59 cm)': [139.7, 215.9],
  '6" x 9" (15.24 x 22.86 cm)': [152.4, 228.6],
  '6.14" x 9.21" (15.6 x 23.39 cm)': [156, 234],
  '6.69" x 9.61" (16.99 x 24.41 cm)': [170, 244],
  '7" x 10" (17.78 x 25.4 cm)': [177.8, 254],
  '7.44" x 9.69" (18.9 x 24.61 cm)': [189, 246.1],
  '7.5" x 9.25" (19.05 x 23.5 cm)': [190.5, 235],
  '8" x 10" (20.32 x 25.4 cm)': [203.2, 254],
  '8.25" x 6" (20.96 x 15.24 cm)': [209.6, 152.4],
  '8.25" x 8.25" (20.96 x 20.96 cm)': [209.6, 209.6],
  '8.5" x 8.5" (21.59 x 21.59 cm)': [215.9, 215.9],
  '8.5" x 11" (21.59 x 27.94 cm)': [215.9, 279.4],
  '8.27" x 11.69" (21 x 29.7 cm)': [210, 297],
};

export const pageSizesInPx = {
  '5" x 8" (12.7 x 20.32 cm)': [480, 768],
  '5.06" x 7.81" (12.85 x 19.84 cm)': [486, 750],
  '5.25" x 8" (13.34 x 20.32 cm)': [505, 768],
  '5.5" x 8.5" (13.97 x 21.59 cm)': [528, 816],
  '6" x 9" (15.24 x 22.86 cm)': [576, 864],
  '6.14" x 9.21" (15.6 x 23.39 cm)': [590, 885],
  '6.69" x 9.61" (16.99 x 24.41 cm)': [643, 923],
  '7" x 10" (17.78 x 25.4 cm)': [672, 960],
  '7.44" x 9.69" (18.9 x 24.61 cm)': [715, 931],
  '7.5" x 9.25" (19.05 x 23.5 cm)': [720, 889],
  '8" x 10" (20.32 x 25.4 cm)': [768, 960],
  '8.25" x 6" (20.96 x 15.24 cm)': [793, 576],
  '8.25" x 8.25" (20.96 x 20.96 cm)': [793, 793],
  '8.5" x 8.5" (21.59 x 21.59 cm)': [816, 816],
  '8.5" x 11" (21.59 x 27.94 cm)': [816, 1056],
  '8.27" x 11.69" (21 x 29.7 cm)': [794, 1123],
};

export const pageSizeMapFromPx = {
  "[480,768]": '5" x 8" (12.7 x 20.32 cm)',
  "[486,750]": '5.06" x 7.81" (12.85 x 19.84 cm)',
  "[505,768]": '5.25" x 8" (13.34 x 20.32 cm)',
  "[528,816]": '5.5" x 8.5" (13.97 x 21.59 cm)',
  "[576,864]": '6" x 9" (15.24 x 22.86 cm)',
  "[590,885]": '6.14" x 9.21" (15.6 x 23.39 cm)',
  "[643,923]": '6.69" x 9.61" (16.99 x 24.41 cm)',
  "[672,960]": '7" x 10" (17.78 x 25.4 cm)',
  "[715,931]": '7.44" x 9.69" (18.9 x 24.61 cm)',
  "[720,889]": '7.5" x 9.25" (19.05 x 23.5 cm)',
  "[768,960]": '8" x 10" (20.32 x 25.4 cm)',
  "[793,576]": '8.25" x 6" (20.96 x 15.24 cm)',
  "[793,793]": '8.25" x 8.25" (20.96 x 20.96 cm)',
  "[816,816]": '8.5" x 8.5" (21.59 x 21.59 cm)',
  "[816,1056]": '8.5" x 11" (21.59 x 27.94 cm)',
  "[794,1123]": '8.27" x 11.69" (21 x 29.7 cm)',
};

export const pageRangeIndex = {
  "Black ink and white paper": 0,
  "Black ink and cream paper": 1,
  "Standard color ink and white paper": 2,
  "Premium color ink and white paper": 3,
};

export const pageRangePaperBack = {
  '5" x 8" (12.7 x 20.32 cm)': [
    [24, 828],
    [24, 776],
    [72, 600],
    [24, 828],
  ],
  '5.06" x 7.81" (12.85 x 19.84 cm)': [
    [24, 828],
    [24, 776],
    [72, 600],
    [24, 828],
  ],
  '5.25" x 8" (13.34 x 20.32 cm)': [
    [24, 828],
    [24, 776],
    [72, 600],
    [24, 828],
  ],
  '5.5" x 8.5" (13.97 x 21.59 cm)': [
    [24, 828],
    [24, 776],
    [72, 600],
    [24, 828],
  ],
  '6" x 9" (15.24 x 22.86 cm)': [
    [24, 828],
    [24, 776],
    [72, 600],
    [24, 828],
  ],
  '6.14" x 9.21" (15.6 x 23.39 cm)': [
    [24, 828],
    [24, 776],
    [72, 600],
    [24, 828],
  ],
  '6.69" x 9.61" (16.99 x 24.41 cm)': [
    [24, 828],
    [24, 776],
    [72, 600],
    [24, 828],
  ],
  '7" x 10" (17.78 x 25.4 cm)': [
    [24, 828],
    [24, 776],
    [72, 600],
    [24, 828],
  ],
  '7.44" x 9.69" (18.9 x 24.61 cm)': [
    [24, 828],
    [24, 776],
    [72, 600],
    [24, 828],
  ],
  '7.5" x 9.25" (19.05 x 23.5 cm)': [
    [24, 828],
    [24, 776],
    [72, 600],
    [24, 828],
  ],
  '8" x 10" (20.32 x 25.4 cm)': [
    [24, 828],
    [24, 776],
    [72, 600],
    [24, 828],
  ],
  '8.25" x 6" (20.96 x 15.24 cm)': [
    [24, 800],
    [24, 750],
    [72, 600],
    [24, 800],
  ],
  '8.25" x 8.25" (20.96 x 20.96 cm)': [
    [24, 800],
    [24, 750],
    [72, 600],
    [24, 800],
  ],
  '8.5" x 8.5" (21.59 x 21.59 cm)': [
    [24, 590],
    [24, 550],
    [72, 600],
    [24, 590],
  ],
  '8.5" x 11" (21.59 x 27.94 cm)': [
    [24, 590],
    [24, 550],
    [72, 600],
    [24, 590],
  ],
  '8.27" x 11.69" (21 x 29.7 cm)': [
    [24, 780],
    [24, 730],
    [72, 600],
    [24, 590],
  ],
};

export const pageMargins = {
  // if size < 24,
  //   >> use [inner, outer] margin
  24: [0.25, 0.25],
  151: [0.375, 0.25],
  301: [0.5, 0.25],
  501: [0.625, 0.25],
  701: [0.725, 0.25],
  829: [0.875, 0.25],
};
